Comparisons for 'Y' gate

Error  0.1
N_extra  1
Exact  [0.66796875 0.66699219 0.69921875 0.6875     0.69433594 0.69824219
 0.67480469 0.70214844 0.70214844 0.68652344 0.66992188 0.69335938
 0.67382812 0.703125   0.68066406 0.69433594 0.6640625  0.71191406
 0.67382812 0.70703125 0.69628906 0.69140625 0.67089844 0.70898438
 0.71875    0.67285156 0.66308594 0.68164062 0.6953125  0.68457031
 0.69140625 0.671875   0.67480469 0.68261719 0.69042969 0.70117188
 0.67382812 0.68652344 0.70410156 0.67578125 0.70117188 0.70410156
 0.66503906 0.66699219 0.68457031 0.70019531 0.71191406 0.66992188
 0.68359375 0.68164062]
Mean  0.6871484375 std  0.014657236940384176
Approx  [0.74609375 0.74511719 0.74902344 0.75292969 0.734375   0.74121094
 0.72460938 0.73925781 0.72363281 0.75878906 0.71972656 0.73632812
 0.74023438 0.74511719 0.70898438 0.71191406 0.71972656 0.73730469
 0.72753906 0.74316406 0.72167969 0.71875    0.72167969 0.69824219
 0.75097656 0.71875    0.73144531 0.74414062 0.75195312 0.72265625
 0.71679688 0.76074219 0.72167969 0.69335938 0.73144531 0.70898438
 0.72558594 0.73730469 0.73144531 0.72558594 0.71386719 0.74511719
 0.72070312 0.72753906 0.72949219 0.73144531 0.73730469 0.74804688
 0.71386719 0.73535156]
Mean  0.7308203125 std  0.014802265220703974
Approx 0.380 0.034